665.000000 12.657672
666.000000 11.914945
667.000000 11.191898
668.000000 10.443516
669.000000 9.582385
670.000000 8.746545
671.000000 8.016122
672.000000 7.156872
673.000000 6.393753
674.000000 5.825875
675.000000 5.234963
676.000000 4.796209
677.000000 4.378683
678.000000 3.939838
679.000000 3.668063
680.000000 3.390018
681.000000 3.140326
682.000000 2.935182
683.000000 2.735083
684.000000 2.559045
685.000000 2.417161
686.000000 2.289580
687.000000 2.195083
688.000000 2.113710
689.000000 2.022466
690.000000 2.000643
691.000000 1.975880
692.000000 1.907993
693.000000 1.855918
694.000000 1.829679
695.000000 1.798724
696.000000 1.771673
697.000000 1.800254
698.000000 1.812392
699.000000 1.815659
700.000000 1.821982
701.000000 1.875642
702.000000 1.932573
703.000000 1.925005
704.000000 1.923205
705.000000 1.946661
706.000000 1.962896
707.000000 1.960840
708.000000 2.012486
709.000000 2.033693
710.000000 2.029179
711.000000 2.153264
712.000000 2.174067
713.000000 2.110788
714.000000 2.163911
715.000000 2.230319
716.000000 2.201234
717.000000 2.077995
718.000000 2.072126
719.000000 2.156543
720.000000 2.169095
721.000000 2.177307
722.000000 2.137957
723.000000 2.088021
724.000000 2.051374
725.000000 2.012645
726.000000 2.021379
727.000000 1.984701
728.000000 1.882323
729.000000 1.811122
730.000000 1.786702
731.000000 1.745249
732.000000 1.680067
733.000000 1.621353
734.000000 1.582247
735.000000 1.522182
736.000000 1.469302
737.000000 1.441629
738.000000 1.346029
739.000000 1.295141
740.000000 1.291586
741.000000 1.233213
742.000000 1.178917
743.000000 1.094552
744.000000 1.024024
745.000000 1.007438
746.000000 0.931459
747.000000 0.847785
748.000000 0.799537
749.000000 0.765740
750.000000 0.763861
751.000000 0.725210
752.000000 0.708019
753.000000 0.686104
754.000000 0.603331
755.000000 0.544528
756.000000 0.541221
757.000000 0.549007
758.000000 0.552072
759.000000 0.543061
760.000000 0.510307
761.000000 0.500926
762.000000 0.502470
763.000000 0.467775
764.000000 0.460057
765.000000 0.500495
766.000000 0.505560
767.000000 0.489472
768.000000 0.445446
769.000000 0.440611
770.000000 0.492235
771.000000 0.454229
772.000000 0.414524
773.000000 0.438902
774.000000 0.450816
775.000000 0.434238
776.000000 0.433163
777.000000 0.441382
778.000000 0.422870
779.000000 0.443843
780.000000 0.484654
781.000000 0.504441
782.000000 0.497417
783.000000 0.469682
784.000000 0.461663
785.000000 0.455561
786.000000 0.460094
787.000000 0.481520
788.000000 0.469695
789.000000 0.456906
790.000000 0.469598
791.000000 0.475386
792.000000 0.484026
793.000000 0.467702
794.000000 0.446591
795.000000 0.437573
796.000000 0.457562
797.000000 0.497015
798.000000 0.490602
799.000000 0.469945
800.000000 0.463131
