600.000000 0.076531
601.000000 0.077548
602.000000 0.077672
603.000000 0.075878
604.000000 0.076070
605.000000 0.079017
606.000000 0.079324
607.000000 0.078416
608.000000 0.079582
609.000000 0.080422
610.000000 0.082956
611.000000 0.087124
612.000000 0.088340
613.000000 0.088982
614.000000 0.092369
615.000000 0.094986
616.000000 0.097577
617.000000 0.101583
618.000000 0.100608
619.000000 0.103587
620.000000 0.110044
621.000000 0.113902
622.000000 0.116615
623.000000 0.117879
624.000000 0.119234
625.000000 0.120303
626.000000 0.125905
627.000000 0.130893
628.000000 0.135683
629.000000 0.140701
630.000000 0.148453
631.000000 0.161336
632.000000 0.174786
633.000000 0.192064
634.000000 0.206174
635.000000 0.224608
636.000000 0.252319
637.000000 0.282420
638.000000 0.329602
639.000000 0.392133
640.000000 0.470414
641.000000 0.577667
642.000000 0.714617
643.000000 0.881334
644.000000 1.088376
645.000000 1.348293
646.000000 1.670758
647.000000 2.083764
648.000000 2.588444
649.000000 3.141239
650.000000 3.788438
651.000000 4.526394
652.000000 5.270945
653.000000 6.043830
654.000000 6.848867
655.000000 7.632404
656.000000 8.301636
657.000000 8.853274
658.000000 9.347879
659.000000 9.740029
660.000000 9.998116
661.000000 10.121091
662.000000 10.140522
663.000000 10.076741
664.000000 9.896848
665.000000 9.635623
666.000000 9.328232
667.000000 8.955392
668.000000 8.546331
669.000000 8.136049
670.000000 7.727796
671.000000 7.292004
672.000000 6.821091
673.000000 6.378093
674.000000 5.936052
675.000000 5.515093
676.000000 5.152161
677.000000 4.812442
678.000000 4.467079
679.000000 4.143542
680.000000 3.865539
681.000000 3.592050
682.000000 3.325456
683.000000 3.106218
684.000000 2.931892
685.000000 2.761130
686.000000 2.612567
687.000000 2.478746
688.000000 2.353804
689.000000 2.266020
690.000000 2.203498
691.000000 2.128754
692.000000 2.053730
693.000000 2.002173
694.000000 1.949265
695.000000 1.916718
696.000000 1.905348
697.000000 1.890912
698.000000 1.875754
699.000000 1.856436
700.000000 1.857551
701.000000 1.862538
702.000000 1.871291
703.000000 1.900701
704.000000 1.914964
705.000000 1.921081
706.000000 1.933957
707.000000 1.973730
708.000000 2.008526
709.000000 2.020486
710.000000 2.044421
711.000000 2.067649
712.000000 2.091840
713.000000 2.109274
714.000000 2.116297
715.000000 2.121346
716.000000 2.122569
717.000000 2.153859
718.000000 2.178087
719.000000 2.167798
720.000000 2.149535
721.000000 2.133092
722.000000 2.129215
723.000000 2.124356
724.000000 2.116766
725.000000 2.090840
726.000000 2.048085
727.000000 1.996520
728.000000 1.922686
729.000000 1.835043
730.000000 1.778164
731.000000 1.714859
732.000000 1.622693
733.000000 1.527702
734.000000 1.430793
735.000000 1.334396
736.000000 1.272915
737.000000 1.230396
738.000000 1.165582
739.000000 1.089897
740.000000 1.026234
741.000000 0.970453
742.000000 0.902208
743.000000 0.862918
744.000000 0.824374
745.000000 0.772013
746.000000 0.733896
747.000000 0.705184
748.000000 0.676577
749.000000 0.637904
750.000000 0.598121
751.000000 0.561953
752.000000 0.535757
753.000000 0.519355
754.000000 0.489546
755.000000 0.450437
756.000000 0.429467
757.000000 0.413722
758.000000 0.392225
759.000000 0.373311
760.000000 0.370984
761.000000 0.368744
762.000000 0.345850
763.000000 0.326574
764.000000 0.315336
765.000000 0.310723
766.000000 0.304953
767.000000 0.293319
768.000000 0.281974
769.000000 0.272842
770.000000 0.264216
771.000000 0.258646
772.000000 0.260169
773.000000 0.261266
774.000000 0.255782
775.000000 0.247532
776.000000 0.247332
777.000000 0.246896
778.000000 0.237095
779.000000 0.263025
780.000000 0.300571
781.000000 0.306100
782.000000 0.308011
783.000000 0.312673
784.000000 0.315642
785.000000 0.312434
786.000000 0.309427
787.000000 0.308234
788.000000 0.305977
789.000000 0.298520
790.000000 0.285872
791.000000 0.284819
792.000000 0.294797
793.000000 0.294879
794.000000 0.290719
795.000000 0.284381
796.000000 0.275618
797.000000 0.270187
798.000000 0.266230
799.000000 0.264560
800.000000 0.264044
