385.000000 0.628536
386.000000 0.616038
387.000000 0.610378
388.000000 0.607652
389.000000 0.607470
390.000000 0.611046
391.000000 0.615239
392.000000 0.627744
393.000000 0.643841
394.000000 0.652543
395.000000 0.658820
396.000000 0.671876
397.000000 0.684701
398.000000 0.691079
399.000000 0.699183
400.000000 0.703780
401.000000 0.705343
402.000000 0.709861
403.000000 0.713265
404.000000 0.721479
405.000000 0.737107
406.000000 0.748847
407.000000 0.754336
408.000000 0.763043
409.000000 0.774025
410.000000 0.779041
411.000000 0.791376
412.000000 0.804718
413.000000 0.816011
414.000000 0.830564
415.000000 0.840488
416.000000 0.846487
417.000000 0.848005
418.000000 0.847325
419.000000 0.843925
420.000000 0.843325
421.000000 0.840053
422.000000 0.828735
423.000000 0.825753
424.000000 0.825258
425.000000 0.821857
426.000000 0.822064
427.000000 0.821257
428.000000 0.825497
429.000000 0.828344
430.000000 0.822339
431.000000 0.817500
432.000000 0.816633
433.000000 0.817478
434.000000 0.817978
435.000000 0.817395
436.000000 0.817803
437.000000 0.813524
438.000000 0.806312
439.000000 0.802959
440.000000 0.798985
441.000000 0.795304
442.000000 0.791154
443.000000 0.788533
444.000000 0.786202
445.000000 0.780359
446.000000 0.775953
447.000000 0.773462
448.000000 0.775373
449.000000 0.775044
450.000000 0.768721
451.000000 0.763966
452.000000 0.757028
453.000000 0.748313
454.000000 0.744776
455.000000 0.744423
456.000000 0.739666
457.000000 0.729752
458.000000 0.723556
459.000000 0.721376
460.000000 0.714774
461.000000 0.706402
462.000000 0.698463
463.000000 0.691761
464.000000 0.688866
465.000000 0.686212
466.000000 0.677826
467.000000 0.668172
468.000000 0.661902
469.000000 0.652539
470.000000 0.644340
471.000000 0.635186
472.000000 0.624483
473.000000 0.620488
474.000000 0.612610
475.000000 0.600242
476.000000 0.596189
477.000000 0.589228
478.000000 0.580810
479.000000 0.575989
480.000000 0.567035
481.000000 0.557162
482.000000 0.548422
483.000000 0.541944
484.000000 0.538623
485.000000 0.532870
486.000000 0.522276
487.000000 0.518004
488.000000 0.514301
489.000000 0.504870
490.000000 0.499204
491.000000 0.496767
492.000000 0.490632
493.000000 0.481315
494.000000 0.475719
495.000000 0.468248
496.000000 0.465267
497.000000 0.464892
498.000000 0.458001
499.000000 0.450965
500.000000 0.447049
501.000000 0.442643
502.000000 0.437835
503.000000 0.431707
504.000000 0.424577
505.000000 0.422130
506.000000 0.418876
507.000000 0.414001
508.000000 0.406790
509.000000 0.400130
510.000000 0.399274
511.000000 0.396854
512.000000 0.389401
513.000000 0.381350
514.000000 0.375531
515.000000 0.371313
516.000000 0.366895
517.000000 0.366825
518.000000 0.361747
519.000000 0.352407
520.000000 0.348448
521.000000 0.342852
522.000000 0.340470
523.000000 0.336117
524.000000 0.331087
525.000000 0.330083
526.000000 0.323192
527.000000 0.315350
528.000000 0.311690
529.000000 0.309911
530.000000 0.303336
531.000000 0.295887
532.000000 0.296748
533.000000 0.295906
534.000000 0.289978
535.000000 0.287037
536.000000 0.285205
537.000000 0.282817
538.000000 0.280370
539.000000 0.279276
540.000000 0.276226
541.000000 0.273049
542.000000 0.273512
543.000000 0.269403
544.000000 0.264502
545.000000 0.265688
546.000000 0.266738
547.000000 0.268594
548.000000 0.268760
549.000000 0.266843
550.000000 0.264983
551.000000 0.264096
552.000000 0.267602
553.000000 0.262341
554.000000 0.252434
555.000000 0.248429
556.000000 0.247261
557.000000 0.245596
558.000000 0.241445
559.000000 0.236733
560.000000 0.236317
561.000000 0.238366
562.000000 0.234748
563.000000 0.232004
564.000000 0.229131
565.000000 0.223506
566.000000 0.219972
567.000000 0.211595
568.000000 0.203754
569.000000 0.199303
570.000000 0.194965
571.000000 0.192890
572.000000 0.192403
573.000000 0.189775
574.000000 0.186989
575.000000 0.187263
576.000000 0.185442
577.000000 0.180156
578.000000 0.175451
579.000000 0.175168
580.000000 0.173708
581.000000 0.169787
582.000000 0.162841
583.000000 0.158819
584.000000 0.159959
585.000000 0.157936
586.000000 0.151621
587.000000 0.146742
588.000000 0.145073
589.000000 0.140015
590.000000 0.137363
591.000000 0.141849
592.000000 0.146350
593.000000 0.143180
594.000000 0.138503
595.000000 0.136768
596.000000 0.133439
597.000000 0.134766
598.000000 0.134896
599.000000 0.132989
600.000000 0.132167
601.000000 0.132898
602.000000 0.135991
603.000000 0.134069
604.000000 0.130125
605.000000 0.128802
606.000000 0.130387
607.000000 0.131226
608.000000 0.130439
609.000000 0.133370
610.000000 0.135497
611.000000 0.136220
612.000000 0.136021
613.000000 0.132531
614.000000 0.133633
615.000000 0.135618
616.000000 0.136145
617.000000 0.137192
618.000000 0.140315
619.000000 0.144486
620.000000 0.145178
621.000000 0.147597
622.000000 0.153432
623.000000 0.155018
624.000000 0.157847
625.000000 0.157761
626.000000 0.158005
627.000000 0.165094
628.000000 0.166114
629.000000 0.166399
630.000000 0.168602
631.000000 0.169869
632.000000 0.174600
633.000000 0.182489
634.000000 0.192261
635.000000 0.203700
636.000000 0.227137
637.000000 0.261445
638.000000 0.301058
639.000000 0.340994
640.000000 0.389062
641.000000 0.465604
642.000000 0.556723
643.000000 0.672111
644.000000 0.830460
645.000000 1.043123
646.000000 1.315987
647.000000 1.651353
648.000000 2.043141
649.000000 2.484686
650.000000 3.001733
651.000000 3.598339
652.000000 4.250779
653.000000 4.979117
654.000000 5.750622
655.000000 6.499143
656.000000 7.219685
657.000000 7.847785
658.000000 8.383769
659.000000 8.827273
660.000000 9.158734
661.000000 9.337601
662.000000 9.426758
663.000000 9.453120
664.000000 9.357686
665.000000 9.140998
666.000000 8.780854
667.000000 8.421948
668.000000 8.073086
669.000000 7.638630
670.000000 7.206490
671.000000 6.779313
672.000000 6.349107
673.000000 5.921408
674.000000 5.471891
675.000000 5.055886
676.000000 4.702811
677.000000 4.355045
678.000000 4.034358
679.000000 3.790771
680.000000 3.524991
681.000000 3.269518
682.000000 3.052046
683.000000 2.838878
684.000000 2.688328
685.000000 2.582521
686.000000 2.458779
687.000000 2.332667
688.000000 2.200760
689.000000 2.096930
690.000000 2.039777
691.000000 1.956960
692.000000 1.877453
693.000000 1.824671
694.000000 1.765425
695.000000 1.720013
696.000000 1.697136
697.000000 1.699957
698.000000 1.701509
699.000000 1.682622
700.000000 1.703998
701.000000 1.729496
702.000000 1.720548
703.000000 1.738315
704.000000 1.760515
705.000000 1.786529
706.000000 1.814812
707.000000 1.830293
708.000000 1.857367
709.000000 1.865651
710.000000 1.871350
711.000000 1.879768
712.000000 1.879101
713.000000 1.866287
714.000000 1.881924
715.000000 1.913749
716.000000 1.910358
717.000000 1.898856
718.000000 1.910861
719.000000 1.906557
720.000000 1.866888
721.000000 1.846805
722.000000 1.812635
723.000000 1.774927
724.000000 1.760285
725.000000 1.721446
726.000000 1.657025
727.000000 1.583092
728.000000 1.502750
729.000000 1.436090
730.000000 1.384789
731.000000 1.315698
732.000000 1.250694
733.000000 1.196644
734.000000 1.132794
735.000000 1.075214
736.000000 1.020229
737.000000 0.970186
738.000000 0.921080
739.000000 0.859184
740.000000 0.834869
741.000000 0.827549
742.000000 0.771446
743.000000 0.705360
744.000000 0.669513
745.000000 0.630316
746.000000 0.592617
747.000000 0.570108
748.000000 0.536338
749.000000 0.491646
750.000000 0.469006
751.000000 0.459102
752.000000 0.440802
753.000000 0.436930
754.000000 0.415548
755.000000 0.397307
756.000000 0.394842
757.000000 0.385429
758.000000 0.379243
759.000000 0.370275
760.000000 0.347885
761.000000 0.332712
762.000000 0.325677
763.000000 0.325150
764.000000 0.319943
765.000000 0.306213
766.000000 0.302640
767.000000 0.297833
768.000000 0.291639
769.000000 0.281205
770.000000 0.282563
771.000000 0.293442
772.000000 0.280560
773.000000 0.270728
774.000000 0.270883
775.000000 0.263470
776.000000 0.261623
777.000000 0.276492
778.000000 0.273710
779.000000 0.277068
780.000000 0.300556
781.000000 0.307349
782.000000 0.311832
783.000000 0.309423
784.000000 0.307106
785.000000 0.294037
786.000000 0.286916
787.000000 0.283363
788.000000 0.274656
789.000000 0.272617
790.000000 0.276527
791.000000 0.275137
792.000000 0.249724
793.000000 0.257200
794.000000 0.268496
795.000000 0.253012
796.000000 0.255855
797.000000 0.251490
798.000000 0.236464
799.000000 0.229527
800.000000 0.227249
